<?xml version="1.0"?>                                                                                                   
<opencv_storage>
<intrinsics_penne type_id="opencv-matrix">
    <rows>3</rows>
    <cols>3</cols>
    <dt>d</dt>
    <data>
1.78797121e+03  0.00000000e+00  1.18348980e+03
0.00000000e+00  1.79376839e+03  5.12337588e+02
0.00000000e+00  0.00000000e+00  1.00000000e+00
</data></intrinsics_penne>
</opencv_storage>
 
