<?xml version="1.0"?>                                                                                                   
<opencv_storage>
<intrinsics_penne type_id="opencv-matrix">
    <rows>3</rows>
    <cols>3</cols>
    <dt>d</dt>
    <data>
2.22713286e+03 0.00000000e+00 1.06086415e+03
0.00000000e+00 2.26135774e+03 5.34367795e+02
0.00000000e+00 0.00000000e+00 1.00000000e+00
</data></intrinsics_penne>
</opencv_storage>
