<?xml version="1.0"?>                                                                                               
<opencv_storage>
<intrinsics_penne type_id="opencv-matrix">
	<rows>3</rows>
	<cols>3</cols>
	<dt>d</dt>
    <data>
        2.92264615e+03 0.00000000e+00 1.13010516e+03
        0.00000000e+00 3.01870186e+03 4.78686251e+02
        0.00000000e+00 0.00000000e+00 1.00000000e+00
</data></intrinsics_penne>
</opencv_storage>

